20
249497 234868
9498974 181574 20915 231396 114117 39517
9804997 231931 162458 62143 17174 17174
246937 148968
9638854 69568 79672 109442 23377 199627
9571003 192171 63582 212910 66731 66731
242521 147928
9661542 218003 81466 46944 9318 61363
9717362 172216 52442 228431 68984 68984
5 4
2 2 1 3 1 4
5 1 0 2 3 3
242689 31936
9413505 231396 66494 36308 48136 234625
9169701 73389 43105 35019 7545 7545
245033 194920
9951672 49267 62446 207819 26764 94500
9259913 89207 56848 156724 208922 208922
244301 208232
9020682 208498 243070 85798 9401 83005
9832418 20943 5046 102565 243071 243071
246391 25444
9830202 4390 135114 153169 68594 176434
9914285 169117 69574 129390 120030 120030
248597 120682
9260232 153103 199960 184801 117500 50631
9312752 72494 53840 89225 215598 215598
3 1
4 0 2 2 2 2
2 1 2 1 0 0
246167 140831
9077343 19451 51491 175075 169042 68682
9331620 120234 236082 50842 206967 206967
244033 25713
9021802 153595 119269 83789 227654 51676
9975563 120224 139365 149788 193979 193979
244429 62577
9498965 181930 186588 47764 52776 31064
9735946 33993 211073 151084 14881 14881
246971 122004
9990330 85006 221062 237591 19283 236235
9732699 155323 6672 89434 199201 199201
241093 170033
9043445 69544 180840 7522 185262 74192
9833881 90898 31267 223463 202633 202633
246349 58839
9863463 56816 133963 48273 194764 232784
9394717 240571 101816 214792 52334 52334
243973 168938
9897998 196305 167341 140624 149135 17822
9158524 240472 175248 56705 113571 113571
242441 24655
9858136 163375 24975 111768 2751 167651
9317341 95028 20550 193318 93977 93977
248723 240998
9910890 52217 48652 144493 61231 50301
9359659 44613 194311 106717 215860 215860
247031 42536
9179564 18731 115575 49852 237280 138423
9648868 200171 125630 67699 168173 168173