20
37 100 4 238 270 27 492 928 28 578 480 340 61 415 72 48 640 582 291 197 569 248 20 959 616 202 792 35 365 90 290 888 275 780 657 56 22 970 
97 921 872 464 227 634 647 68 696 837 825 503 197 416 6 826 703 154 215 156 685 832 598 280 726 585 323 63 32 972 182 837 241 966 428 467 420 47 305 11 992 300 576 558 128 650 485 97 756 341 350 208 872 925 463 548 285 833 230 45 166 59 425 153 393 21 131 394 633 279 176 702 321 227 800 418 871 444 343 859 598 9 722 443 121 729 427 491 870 880 163 203 824 349 78 968 37 782 
17 945 782 497 380 959 578 65 837 870 618 444 12 656 345 168 43 484 
75 453 293 104 635 225 173 391 449 813 473 198 922 283 538 572 268 997 100 262 637 767 323 586 799 781 697 412 207 93 225 238 42 338 34 16 453 131 613 650 25 766 688 93 685 309 564 356 565 10 421 805 483 732 703 88 701 609 995 723 326 532 200 928 0 431 799 465 833 1 223 375 974 842 877 699 
1 968 
73 508 387 866 718 201 300 870 509 714 496 344 819 980 939 983 491 218 983 538 281 263 443 563 36 168 803 75 723 27 48 818 720 777 505 288 147 469 863 236 410 39 362 253 352 170 989 97 138 495 379 158 232 130 837 63 225 188 606 85 970 734 985 567 461 126 358 686 766 700 982 105 643 226 
87 197 815 96 597 393 940 142 664 555 775 213 968 722 953 237 183 164 604 477 402 147 554 390 331 265 774 560 65 529 615 809 246 859 814 167 21 920 508 583 934 20 147 761 525 225 936 965 624 357 193 545 800 66 886 140 478 888 61 586 670 652 881 5 221 153 837 102 944 981 370 804 269 372 959 560 780 962 704 24 484 228 38 413 546 694 289 970 
63 535 741 309 691 922 100 38 608 318 830 502 632 715 256 592 777 700 60 283 682 524 400 216 647 132 660 240 967 546 104 705 881 195 100 223 432 499 603 267 278 33 655 34 397 353 182 748 743 357 590 167 445 987 774 6 46 619 177 780 375 61 399 22 
2 511 831 
95 258 555 693 861 961 429 868 200 522 207 288 128 551 589 809 278 998 861 520 258 916 140 511 322 704 383 706 575 410 342 674 804 950 826 322 896 33 984 344 810 303 141 138 12 966 689 185 992 746 976 447 368 854 395 105 354 516 222 416 687 257 634 402 317 984 242 80 698 961 899 52 665 654 909 202 209 458 158 903 273 246 894 970 984 57 533 61 8 388 328 367 779 455 882 90 
69 126 403 347 309 113 772 666 749 385 947 305 489 767 697 743 320 38 615 900 554 185 550 230 400 716 706 266 823 479 858 760 881 565 486 530 576 699 997 373 919 795 483 741 792 848 675 343 275 52 967 895 145 837 241 578 630 663 716 22 556 251 268 910 962 692 207 146 1 418 
2 201 260 
27 378 733 719 221 320 986 89 206 453 199 328 208 839 774 86 650 597 325 450 512 575 14 695 426 230 63 103 
99 866 778 702 144 658 520 590 636 937 802 357 300 719 604 414 480 932 332 880 42 336 477 303 489 198 217 400 516 37 360 257 563 527 957 195 727 709 55 425 606 26 901 398 461 789 59 356 184 857 392 856 123 526 330 573 762 254 619 683 522 856 640 513 933 326 572 173 699 580 417 972 652 843 582 594 123 918 295 216 621 77 359 84 443 669 653 259 188 736 119 632 531 70 142 749 35 114 733 304 
11 255 353 267 500 766 937 792 682 28 339 575 
13 611 876 666 178 641 403 377 804 590 641 708 268 512 
57 334 357 62 736 67 995 267 883 961 154 662 575 852 73 668 915 89 447 774 90 401 753 997 415 3 843 51 340 916 316 856 762 156 351 647 694 626 748 787 573 560 789 862 903 130 980 97 375 188 320 259 512 719 90 32 345 477 
39 924 316 873 48 30 517 241 654 410 366 719 195 910 984 92 649 306 307 760 145 615 482 150 463 486 487 823 708 235 798 9 217 469 143 9 978 232 626 775 
45 614 745 103 927 223 158 513 809 251 646 588 344 653 997 345 341 252 928 699 266 499 594 976 758 583 458 308 50 736 366 0 743 551 451 889 853 683 272 121 24 290 491 521 705 550 
85 252 909 857 679 369 67 620 724 456 797 358 865 420 354 648 406 385 487 753 45 644 675 368 567 652 880 223 581 463 438 389 924 298 286 439 715 257 758 169 320 293 822 921 192 86 362 706 197 842 151 897 550 464 19 115 1 467 672 948 314 854 666 644 682 848 396 323 878 680 129 534 938 755 177 384 528 488 752 667 460 160 401 772 223 754 